<?xml version="1.0"?>
<opencv_storage>
<calibration_time>"mié 29 mar 2017 01:17:45 PET"</calibration_time>
<num_of_frames>30</num_of_frames>
<image_width>1280</image_width>
<image_height>720</image_height>
<num_cols>4</num_cols>
<num_rows>3</num_rows>
<distance_centers>6.7500000000000000e+01</distance_centers>
<flag02>zero_tangent_dist</flag02>
<Total_RMS>3.9566141442093350e-01</Total_RMS>
<Camera_Matrix type_id="opencv-matrix">
  <rows>3</rows>
  <cols>3</cols>
  <dt>d</dt>
  <data>
    1.0113792201990806e+03 0. 6.5583400011867923e+02 0.
    1.0112430069478521e+03 3.3878226833359918e+02 0. 0. 1.</data></Camera_Matrix>
<Distortion_Coefficients type_id="opencv-matrix">
  <rows>5</rows>
  <cols>1</cols>
  <dt>d</dt>
  <data>
    2.9900728017775612e-02 4.1480693698424725e-03 0. 0.
    -1.0678003064652089e-01</data></Distortion_Coefficients>
<Extrinsic_Parameters type_id="opencv-matrix">
  <rows>25</rows>
  <cols>6</cols>
  <dt>d</dt>
  <data>
    8.5245500414359607e-04 -8.4878038946668982e-02
    -1.4808107922019256e+00 -1.0373914944252084e+02
    8.9220601266242596e+01 5.1269178259348325e+02
    -2.2374404387822333e-01 1.5361572686773622e-01
    -1.5617117325283056e+00 2.9507619369038727e+00
    9.6405380086598143e+01 5.8222768991750684e+02 1.4949110740652261e-01
    -7.5062858116062364e-02 -1.6307285145873829e+00
    -1.7733226146441484e+02 1.3009758357536080e+02
    4.6240882033049706e+02 1.0307204855930389e-01
    -2.2930429574245573e-01 -1.4426493477972195e+00
    -3.3135657840180109e+01 5.5696266668280536e+01
    5.5228114044695019e+02 2.9788621109821639e-01
    -8.2471487169803750e-02 -1.5759708623737831e+00
    -1.6644161534892078e+02 9.8799174787351376e+00
    5.6833652123762658e+02 2.2789495883829322e-01
    -3.2923851671498355e-01 -1.6426915833404050e+00
    -2.5163782176368349e+02 1.4426470261705728e+02
    5.5820771403742003e+02 -2.0059599716505702e-01
    1.9355903230323573e-02 -1.5016501837298066e+00
    -9.1976042873574130e+01 1.4823186427122528e+02
    6.4634924697236636e+02 -4.3785262218182436e-01
    3.8999439951653880e-01 -1.4325523307225427e+00
    1.0825947961621573e+02 1.8201701656354168e+00 7.0413326009383798e+02
    4.1523369395759013e-02 5.7911481785281112e-02
    -1.5161964655806739e+00 -5.3114806228440933e+01
    1.4214350509755945e+02 5.9873492363188666e+02 1.8814844100190636e-01
    -1.0002396447615719e-01 -1.6037679091672952e+00
    -2.9926964628147903e+02 6.2144637265710962e+01
    5.7575957072354413e+02 3.0734699420308387e-01
    -5.6256006652007207e-01 -1.6889022227233073e+00
    -1.4653454605992454e+02 2.1838632951555216e+01
    5.6689051733972133e+02 7.8439990654491670e-02 2.0032035469639972e-01
    -1.4105467872964064e+00 -3.9260094725682919e+01
    -6.6431975761263855e+00 6.1026241603643325e+02
    7.9912010892984969e-02 -1.7685630531510355e-01
    -1.7180719443917847e+00 -1.5285161818023658e+02
    6.2682546758940219e+01 5.9556864650767989e+02
    -2.0976464523468819e-01 -2.9650740756465171e-01
    -1.7995169366098756e+00 -1.5618775535992765e+02
    2.0055463290991494e+02 7.2132027040697869e+02 3.2814491037960147e-01
    1.2721242085051476e-01 -1.6122742734882485e+00
    -1.5869801662382449e+02 1.4002083808138292e+02
    7.5195206036619106e+02 3.7350834664219912e-01
    -1.2956049068540856e-01 -1.6381463171024633e+00
    -3.8688925765623573e+01 3.5327365464578172e+01
    9.1125398252331138e+02 2.7396642786425396e-01 2.6672864522435953e-02
    -1.6232897926398202e+00 1.6560907084755547e+02
    1.7872170385421086e+02 7.8716980247484071e+02
    -9.6603589459264057e-03 -6.7505737348017736e-01
    -1.7963297393045727e+00 -4.5679406786401432e+02
    2.3141924601000423e+02 9.2774713335367505e+02 2.0426734262456486e-01
    8.3311716556566887e-03 -1.8609356132091630e+00
    -1.8167832201515324e+02 -5.1651104367238958e+01
    8.5716273497794839e+02 -1.7281954137166539e-01
    -3.4181124431642163e-01 -1.8229857505905571e+00
    -2.3569857950296705e+02 1.6641565203211829e+02
    9.3356521007731976e+02 -3.6370347311708157e-01
    3.0687669760275704e-01 -1.2326531889642645e+00
    2.1890407491161758e+02 1.2213448399656794e+02 9.0628396663764454e+02
    -1.1851018509011074e-01 -2.5191246525822009e-01
    -1.5697439176954635e+00 -1.7871312470797079e+02
    -5.4274972006100114e+01 7.7761737520556562e+02
    -3.3996281047417443e-01 -7.9091464018492999e-02
    -1.8019483232948827e+00 -2.7883971303022929e+02
    1.4840528776962699e+02 7.1126179368291673e+02 2.2550490315184518e-01
    3.4154395887021499e-01 -1.5124609736799535e+00
    3.3411196271162723e+01 7.7135360531985967e+01 6.2246985155086827e+02
    5.9864696012744578e-02 3.4496955706561783e-01
    -1.3252318877945899e+00 -2.3875869045588522e+02
    -2.1166584183343613e+01 5.9433508081943114e+02</data></Extrinsic_Parameters>
