<?xml version="1.0"?>
<opencv_storage>
<calibration_time>"sáb 01 abr 2017 16:30:08 PET"</calibration_time>
<num_of_frames>75</num_of_frames>
<image_width>640</image_width>
<image_height>480</image_height>
<num_cols>6</num_cols>
<num_rows>5</num_rows>
<distance_centers>2.5500000000000000e+01</distance_centers>
<flag02>zero_tangent_dist</flag02>
<Total_RMS>2.3221456456526246e-01</Total_RMS>
<Camera_Matrix type_id="opencv-matrix">
  <rows>3</rows>
  <cols>3</cols>
  <dt>d</dt>
  <data>
    6.7999199941250492e+02 0. 3.0740646901603526e+02 0.
    6.7703150903201663e+02 2.7322182127412742e+02 0. 0. 1.</data></Camera_Matrix>
<Distortion_Coefficients type_id="opencv-matrix">
  <rows>5</rows>
  <cols>1</cols>
  <dt>d</dt>
  <data>
    -3.8346005994156862e-01 1.9133949643710366e-01 0. 0.
    -4.0372004657877020e-01</data></Distortion_Coefficients>
<Extrinsic_Parameters type_id="opencv-matrix">
  <rows>75</rows>
  <cols>6</cols>
  <dt>d</dt>
  <data>
    3.1137244224527838e+00 -1.4410880204124179e-02
    -1.5783032293481514e-01 -6.6017092905831873e+01
    3.6228572430543856e+01 2.3831186717777956e+02 3.1134480437634586e+00
    -1.5706028394778446e-02 -1.5821162855777779e-01
    -6.6016426875982276e+01 3.6358368098413557e+01
    2.3838510299639768e+02 3.1125059183182926e+00
    -1.6834879879591137e-02 -1.6018751417228402e-01
    -6.6019079890777675e+01 3.6494219048824704e+01
    2.3852762319453805e+02 3.1115687383840300e+00
    -1.6262244281623248e-02 -1.6226266143096163e-01
    -6.5932464053071911e+01 3.6528824821103576e+01
    2.3886409445765247e+02 3.1093244776313296e+00
    -1.7151826511956299e-02 -1.6288576245026784e-01
    -6.5512742154769526e+01 3.6853237889427952e+01
    2.3913789538590731e+02 3.1805167110720620e+00
    -8.9623137824894478e-02 -1.7960096526881372e-01
    -5.2802779867239771e+01 1.3005635180131755e+01
    3.0820009370179497e+02 2.8839924146602263e+00
    -7.7756075042697015e-01 -1.7354518335613876e-02
    -4.5720976514281048e+01 6.5632322651082760e+01
    3.5817951532231729e+02 3.0023835159747470e+00
    -3.7273841299724103e-01 -2.0877744490433323e-02
    -7.0933941894845603e+01 5.3620246918052530e+01
    3.5731654039607793e+02 3.1472209445591708e+00 8.1154923547312283e-02
    7.7154880345304822e-02 -9.5794828833622404e+01
    3.7132018368357478e+01 3.5758628199278053e+02 2.9253010148104566e+00
    -1.7392151344074534e-02 -2.9278829637136733e-01
    -1.0788850444505661e+02 2.0857850617069381e+01
    3.1838988769307076e+02 -3.0804712189539134e+00
    -2.0384427978524820e-02 2.3424337779881815e-01
    -8.0921924711253666e+01 4.8620335251323873e+01
    3.5760405396727754e+02 2.9569476549341860e+00
    -2.2831952559646743e-01 -5.8716887946032845e-02
    -8.7379913696114286e+01 2.5073994706133000e+01
    3.8380506949162043e+02 3.0767828679046643e+00 4.0040717140960330e-01
    4.1200196133044298e-01 -2.5551731943885827e+01
    1.8734721860175976e+00 3.5711540844164529e+02 2.6431919194774092e+00
    -3.7004235464058392e-02 3.7036205286932564e-02
    -8.0856821450994005e+01 1.7644625914738729e+01
    3.9057583563730714e+02 2.9126932010919346e+00 3.0879041350228970e-01
    3.1878502125669261e-01 -1.0501369246736111e+02
    4.4504664948415169e+01 4.1540598048571610e+02
    -3.0119403233324253e+00 -4.5346602067333341e-01
    5.8179758040707422e-02 -1.2446971179142821e+02
    6.0214864592854788e+01 4.2211003144960591e+02
    -3.0668396877037920e+00 -3.0900143151251062e-02
    3.8497024912395222e-01 -1.1288413822362676e+02
    6.0131968734011600e+01 4.0997622785314763e+02 2.8795968731966246e+00
    -3.6955780084003292e-01 -2.5671341442721601e-01
    -1.2024721733084921e+02 5.6226783590906628e+01
    4.0481846088206584e+02 2.7774914698988455e+00
    -3.6284761315569114e-01 -1.8135896008231631e-01
    -2.1249143060652060e+00 8.2511344841133237e+01
    3.4470106181272445e+02 3.0042608944664879e+00 1.6652534574829420e-01
    2.0673758725758898e-01 -1.5107853341975378e+01
    -2.4276597254688863e+01 3.7389359329250652e+02
    2.7876374266816413e+00 -8.3408532645479871e-02
    -6.2120688162300590e-02 -1.2700357029705621e+02
    -2.3851111338433284e+01 4.2242453777658636e+02
    -3.0171210536257260e+00 9.7318286556399930e-02
    5.9941238974725482e-02 -1.6538238671966295e+02
    1.0787904437694399e+02 4.6048656227006580e+02
    -3.0957697777060598e+00 -1.2718116018068654e-01
    -2.5479477960045882e-01 -8.9758211272467150e+01
    6.8743639745204533e+01 5.5757590715394133e+02
    -2.9800454351857648e+00 -5.4947104046157338e-02
    4.1860268619439051e-01 -9.0154768343719581e+01
    7.0695588674331745e+01 5.9756334261249424e+02
    -3.0913486807327009e+00 2.7432743768322265e-01
    6.8591334323565090e-01 -1.2504066767285126e+02
    1.0050722416441153e+02 6.2548983780861568e+02 2.8430466153298419e+00
    -1.9577256877623353e-01 -1.8215802518670896e-01
    -1.8027297152566584e+02 1.1830536381224883e+02
    6.1382874507013832e+02 3.0010775354224828e+00 9.7893763406232501e-02
    3.0839115473651207e-01 -1.8131514451005745e+02
    9.6485142922487256e+01 5.7708152799016000e+02 2.6315976997175348e+00
    1.0114440286141529e-01 7.4402214351829254e-02
    -1.8603384689071598e+02 -3.1187793311634213e+01
    5.3962310470887007e+02 2.8836322063254967e+00 3.4747771010569212e-01
    -4.3425422853726547e-01 -2.1081074822242229e+01
    -8.4272947086076499e+01 5.4679093300312400e+02
    2.7100873808589108e+00 7.1129310034979742e-02
    -3.0831487014870079e-01 -9.0024961539752439e+00
    -6.0005976160667061e+01 5.3659164482588369e+02
    2.6283856373292807e+00 -2.4827383172327996e-01
    -3.6588957908060216e-01 1.4525690430750544e+01
    -1.1611752761178073e+01 5.4321078647802040e+02
    -2.9092350170296259e+00 2.7673303250259212e-01
    7.0808818724638600e-01 2.3109116562303722e+01 5.9613869853976126e+01
    5.4967127795236399e+02 2.7440678117134691e+00 5.7820658131928426e-01
    -6.8504796537679200e-02 1.4081407532881130e+01
    2.0808277933737838e+01 5.2917289607971952e+02 2.5797735615368578e+00
    5.8428390006050990e-01 8.4507844617151884e-02
    -1.7300014003116786e+01 1.5568757356160038e+01
    5.1132970883042123e+02 2.5379669445570081e+00 4.2170868449854731e-01
    -6.7238547459166687e-02 -4.3593822177797861e+01
    2.0192746804168966e+01 5.0677091090694597e+02 3.0166838821889232e+00
    -4.7228869561282076e-02 -4.4742831545341244e-01
    -5.5539436410073939e+01 6.8510668737959122e+01
    5.3699831936877627e+02 -3.0440365125234066e+00
    1.7818537507173943e-01 3.9777513099028561e-01
    -1.0446891538015889e+02 1.0652730043415767e+02
    5.7895650417834895e+02 3.0663454868018309e+00
    -6.4515851640298938e-02 5.7367609053930825e-02
    -1.4980165689492088e+02 1.1251655913343713e+02
    5.7813483658692917e+02 2.6346062490881641e+00 1.3647223929874797e-01
    4.7452897452350395e-01 -1.3702552508029927e+02
    8.5940301375023409e+01 5.4365039008113501e+02
    -3.0547498412274918e+00 9.6557781933164832e-02
    1.7526339353483777e-01 -4.2081440237103109e+01
    9.4931188226909853e+01 5.3761103423145596e+02 2.8410616130194883e+00
    -5.4690756383341610e-01 -6.9629574433394981e-01
    -1.3647262329148113e+00 1.0807902651030086e+02
    5.7452477334714592e+02 2.5748299741161964e+00
    -2.8871821512235829e-01 -2.8180029489363234e-01
    -3.5010906124602890e+01 6.6056749697927685e+01
    5.3511479240475023e+02 2.7844322588520543e+00 2.5029741090190066e-01
    2.6327123453622309e-01 -6.3247366732366821e+01
    5.2723237985870837e+00 5.2244702062451915e+02
    -2.9163260463788201e+00 8.9484474102695569e-02
    3.7099277812848153e-01 -1.6905042654672084e+01
    -1.6462876800902215e+01 5.2177043844703326e+02
    2.4515495215022320e+00 -1.6335255212686239e-01
    -2.2017881643004744e-01 3.2029650559751929e+01
    -2.4312205595638208e+01 4.7772689695224216e+02
    2.7316049223647889e+00 8.8937933355026005e-02 1.4726299353104130e-01
    2.5742307336115044e+01 -1.8372676689705716e-01
    4.7502595696622325e+02 -3.0339048986679988e+00
