<?xml version="1.0"?>
<opencv_storage>
<calibration_time>"sáb 01 abr 2017 18:20:59 PET"</calibration_time>
<num_of_frames>30</num_of_frames>
<image_width>1280</image_width>
<image_height>720</image_height>
<num_cols>4</num_cols>
<num_rows>3</num_rows>
<distance_centers>6.7500000000000000e+01</distance_centers>
<flag02>zero_tangent_dist</flag02>
<Total_RMS>4.3021669147797031e-01</Total_RMS>
<Camera_Matrix type_id="opencv-matrix">
  <rows>3</rows>
  <cols>3</cols>
  <dt>d</dt>
  <data>
    1.0250127660949443e+03 0. 6.5140072021971878e+02 0.
    1.0235439003227972e+03 3.3455730379393049e+02 0. 0. 1.</data></Camera_Matrix>
<Distortion_Coefficients type_id="opencv-matrix">
  <rows>5</rows>
  <cols>1</cols>
  <dt>d</dt>
  <data>
    4.8200247694398811e-02 -8.9719868137975084e-02 0. 0.
    5.8293435243966837e-02</data></Distortion_Coefficients>
<Extrinsic_Parameters type_id="opencv-matrix">
  <rows>25</rows>
  <cols>6</cols>
  <dt>d</dt>
  <data>
    3.0845864695164313e+00 1.1408297830293335e-01 1.1904259740290450e-01
    -1.0155613304388076e+02 9.1748905571278428e+01
    5.1604079610833787e+02 -3.0793622620129124e+00
    9.5986715449541779e-02 -2.1517226679338941e-01
    -1.7569690375644683e+02 1.3159640705698692e+02
    4.6926024316339317e+02 3.0146194673060425e+00 1.6492648525995288e-01
    4.1375328335641937e-01 -3.2381427323689458e+01
    6.4453760340793863e+01 5.5663051434060276e+02 2.8565196537272470e+00
    -6.5689840903782271e-02 -7.0828500877410633e-02
    -7.3532112958504328e+01 1.6869251955993630e+02
    6.7005869499362382e+02 -2.9999129208090300e+00
    3.1865099342700334e-02 -3.0224282914465284e-01
    -1.7450495853164202e+02 1.2606306447346890e+01
    5.9089221735500360e+02 3.0410949674010763e+00
    -1.2382601266472851e-01 5.0452746631541134e-01
    -2.5125587659996282e+02 1.4725618938504306e+02
    5.6750388473477710e+02 3.0186896288200713e+00 9.3334139498914032e-02
    -1.8874544747144253e-01 -9.7585822672951252e+01
    1.5156411795624103e+02 6.5339764116699655e+02 2.9437866974690410e+00
    1.5568915823558035e-01 -8.7598269956823416e-01
    1.1506015920278885e+02 -3.2714909673777681e+00
    7.1398406270212456e+02 -3.0838128657290018e+00
    3.7050871259577678e-02 -2.4922337183096355e-01
    -2.9050505051287860e+02 5.6556878616401946e+01
    5.8789446486374516e+02 2.9357386332138846e+00
    -2.5874353711810338e-01 8.1555084641179765e-01
    -1.4684225769565771e+02 2.4814893124866710e+01
    5.7594494154514996e+02 -3.0728191267251348e+00
    1.7721570569836362e-01 -1.7018820348664659e-01
    -1.5701601990818145e+02 5.9421775718398528e+01
    6.1302230576817533e+02 2.7798756963968096e+00
    -2.8967274630950673e-01 -2.6716254619583844e-02
    -1.6131548917115882e+02 1.9862640161369475e+02
    7.3999573890863599e+02 -2.8498920425307785e+00
    5.4543618941090624e-02 -1.6081861640762452e-01
    -1.5354773315821518e+02 1.4259800612635158e+02
    7.5874020959094094e+02 -3.0447716597629699e+00
    1.9323227749221078e-01 -4.1025947648727340e-01
    -2.4825127021615032e+01 3.5564690306138651e+01
    9.2786949693861879e+02 -3.0569447901046845e+00
    1.2798914575593914e-01 -2.8630494969443143e-01
    1.5555531086108527e+02 1.8514749471739785e+02 7.8689311122882282e+02
    2.5790999655630849e+00 -4.1450165321952326e-01
    4.7767925385214854e-01 -4.4869782599775215e+02
    2.2917620340423818e+02 9.4136312294728668e+02
    -3.0852100155953472e+00 4.7345644175048329e-01
    -9.7492685056248404e-02 -1.6483957284241214e+02
    -4.4254005235892130e+01 8.6795136481674342e+02
    2.7504818687443171e+00 -3.8896593257346301e-01
    1.8166668846625655e-02 -2.3730906533375850e+02
    1.8000560246634512e+02 9.5859965941471876e+02 3.0142702922970788e+00
    5.0280192793513934e-01 -6.8633892945445130e-01
    2.2506477918319050e+02 1.2024447553725206e+02 9.1687515458943244e+02
    2.9398484297314620e+00 -4.9350688689455531e-02
    2.3447768606359320e-01 -1.8817779475061104e+02
    -4.5364233078177158e+01 7.8701734784274561e+02
    2.9714272293103541e+00 2.9573017364978899e-01
    -3.3410847972347674e-01 -3.9945133320426848e+01
    1.8301309513458239e+02 8.2135271928054124e+02 2.8617264106424596e+00
    -2.6155444494309477e-01 -3.6949019106937631e-01
    -2.9115620540799085e+02 1.4152289992118378e+02
    7.3276023812857636e+02 -2.7997997757546234e+00
    2.0718730864272495e-02 1.0193633704046359e-01 4.1964777147405819e+01
    8.3949094810930873e+01 6.3619808757971089e+02
    -2.8673890613707584e+00 -2.9450105084063938e-01
    1.6519003841537647e-01 -2.4828361817337671e+02
    -1.5761793805759547e+01 5.9309528452453378e+02
    -2.9717870843712224e+00 -3.2105400212125844e-02
    -4.5817671847458524e-01 -8.5230752482154287e+01
    8.2604151297493388e+01 3.7464397198116234e+02</data></Extrinsic_Parameters>
