<?xml version="1.0"?>
<opencv_storage>
<calibration_time>"mié 01 feb 2017 23:04:19 PET"</calibration_time>
<num_of_frames>25</num_of_frames>
<image_width>1280</image_width>
<image_height>720</image_height>
<num_cols>6</num_cols>
<num_rows>5</num_rows>
<distance_centers>2.5500000000000000e+01</distance_centers>
<flag02>zero_tangent_dist</flag02>
<Total_RMS>3.4829930971306050e-01</Total_RMS>
<Camera_Matrix type_id="opencv-matrix">
  <rows>3</rows>
  <cols>3</cols>
  <dt>d</dt>
  <data>
    9.7308487572386241e+02 0. 6.5792727255995044e+02 0.
    9.6876444537781765e+02 3.3699971862936792e+02 0. 0. 1.</data></Camera_Matrix>
<Distortion_Coefficients type_id="opencv-matrix">
  <rows>5</rows>
  <cols>1</cols>
  <dt>d</dt>
  <data>
    2.6166553010395187e-02 -1.3699161943451449e-01 0. 0.
    1.6110320832017286e-01</data></Distortion_Coefficients>
<Extrinsic_Parameters type_id="opencv-matrix">
  <rows>25</rows>
  <cols>6</cols>
  <dt>d</dt>
  <data>
    2.3089589729700096e-02 5.5665299453611886e-02 1.5460635806529146e+00
    5.7672162769710340e+01 -5.5275441830685828e+01
    4.2028394421096419e+02 -1.9074536256025892e-01
    -2.1416961077925145e-01 1.4884117034551376e+00
    5.2883679394256106e+01 -1.0260982735382450e+02
    4.4855927784875144e+02 -1.4416164236888834e-01
    -2.2519358106230769e-01 1.5058933845215585e+00
    1.5848683045907944e+02 -1.2604580466683198e+02
    4.3611028741865692e+02 -1.5531777575416925e-01
    -2.5239759410027185e-01 1.4999248113333254e+00
    2.2586003332767655e+02 -1.2795297897065814e+02
    4.2523621273942888e+02 -2.5493537608489259e-02
    -1.7865306565828987e-01 1.4877568344362961e+00
    2.2156661607024202e+02 -6.7130854950784197e+01
    3.9461833924037927e+02 2.5222622707180339e-02
    -2.2151091569606290e-01 1.4835317291441719e+00
    1.9738263145476827e+02 1.1727351069144655e+01 3.8617659772343512e+02
    3.9276875789169868e-01 1.7779630575408281e-01 1.5187450866806127e+00
    1.1286018959515805e+02 1.5748903714259578e+01 3.3929342456139142e+02
    3.9593940795450905e-01 2.6179544442337038e-01 1.5064119890803274e+00
    2.2617778745954478e+01 1.5681251412140725e+01 3.3614999621677373e+02
    2.4841754396333318e-01 4.6829719792362523e-01 1.5416625450233434e+00
    -5.0117672809491388e+01 2.1847897336096711e+01
    3.5320758756561918e+02 2.5334215999520365e-01 4.4547753508443677e-01
    1.5519212005334710e+00 -1.1776831171500297e+02
    2.2372048212302914e+01 3.5771610104514048e+02
    -3.1668462010542997e-01 -2.1010388026810081e-01
    1.4309689369358962e+00 -1.2255104001776476e+02
    -3.6785908674775648e+01 4.3903204965139088e+02
    -4.5675999641970361e-01 -2.9545824050724045e-01
    1.3673209420520551e+00 -9.7232451503977302e+01
    -8.7091786479082387e+01 4.1719516411191387e+02
    9.3084011495718585e-02 1.2230023988848387e-01 1.4220958607706340e+00
    2.6172926586432101e+01 -1.2016736689414054e+02
    3.7274860372049960e+02 1.5217417552370159e-02 1.0354996457699998e-02
    1.4862432564528845e+00 7.0366114488653352e+01
    -9.7544982055305738e+01 3.8437824897414129e+02
    3.0388394139968404e-02 -5.5977828169753752e-01
    1.3769199471183842e+00 1.1398155286592787e+02
    -9.6007587393288333e+01 3.7460839088269171e+02
    1.1883976269537599e-01 -4.1979497800539423e-01
    1.4564046270724078e+00 1.9580732976866045e+02
    -9.9316062721811434e+01 3.6939270632894306e+02
    4.5548268071169284e-01 3.0049213484805337e-01 1.5327204059676836e+00
    1.0809726316842354e+02 -5.5161961660172864e+01
    3.0262323402860267e+02 -9.8208901294177017e-02
    -7.9042473606546149e-02 1.3474323055185125e+00
    3.4815693891813424e+01 -7.0779021154722670e+01
    3.7227694239386165e+02 1.4149419989737072e-01 2.6414751146574439e-01
    1.5717235975096946e+00 -3.1062898469160519e+01
    -3.3416532223411650e+01 3.4864217504924488e+02
    3.4986246617791365e-02 -4.7919105050413885e-01
    1.2936628999390889e+00 -6.2041602379760093e+01
    -5.3715341285899960e+01 3.5447536612342520e+02
    8.6312987206060496e-02 -1.9234433602890944e-01
    1.6503608746798111e+00 -4.1139632780424712e+01
    -4.4924173712296081e+01 3.5730373190065649e+02
    -1.3215141743420825e-01 2.6113501209298506e-01
    1.6269597949005510e+00 1.5076941251032132e+01
    -4.2731865026544938e+01 3.9730169995766084e+02
    1.5396466125103400e-01 9.6809645069688630e-02 1.6257299596594086e+00
    1.1044365096880323e+02 2.4965977213292184e+01 3.6127295972547978e+02
    2.9287666407203033e-01 -1.7929142610295631e-01
    1.5223051663783145e+00 3.8808259703587282e+01
    -5.8136863367206402e+01 3.5198987319849653e+02
    2.6526867496085549e-01 -7.4843089572619884e-02
    1.6122621883612664e+00 -3.9567155607378673e+01
    -1.2590070990974699e+01 3.5519640021031131e+02</data></Extrinsic_Parameters>
