<?xml version="1.0"?>
<opencv_storage>
<calibration_time>"jue 02 feb 2017 20:00:15 PET"</calibration_time>
<num_of_frames>50</num_of_frames>
<image_width>640</image_width>
<image_height>480</image_height>
<num_cols>11</num_cols>
<num_rows>4</num_rows>
<distance_centers>1.2399999618530273e+01</distance_centers>
<flag02>zero_tangent_dist</flag02>
<Total_RMS>2.5268998738794268e-01</Total_RMS>
<Camera_Matrix type_id="opencv-matrix">
  <rows>3</rows>
  <cols>3</cols>
  <dt>d</dt>
  <data>
    6.6980726895805572e+02 0. 3.0292446982332405e+02 0.
    6.7403855925142432e+02 2.6621553937129158e+02 0. 0. 1.</data></Camera_Matrix>
<Distortion_Coefficients type_id="opencv-matrix">
  <rows>5</rows>
  <cols>1</cols>
  <dt>d</dt>
  <data>
    -3.8721271506861915e-01 2.4343198895942741e-01 0. 0.
    -1.2726709222496227e-01</data></Distortion_Coefficients>
<Extrinsic_Parameters type_id="opencv-matrix">
  <rows>50</rows>
  <cols>6</cols>
  <dt>d</dt>
  <data>
    -3.5413044481208794e-01 6.3979303246742517e-02
    -1.5835235557627458e+00 -5.9805782086139196e+01
    7.3329502702519378e+01 3.4509782210789979e+02
    -2.6607393093494119e-01 4.6969566309609467e-01
    -1.5775763233310016e+00 -2.6012747767691007e+01
    5.6422318780090691e+01 3.9313206578473267e+02 2.6045834711180765e-01
    -5.7849644436997118e-02 -1.5188018209657734e+00
    -5.6540835677343011e+01 8.2465155929198062e+01
    3.2829533950521864e+02 -4.2836380122785961e-01
    -1.2051238973337773e-01 -1.4815678601192197e+00
    -5.2197526614484858e+01 5.0416179965489157e+01
    2.1881612100150477e+02 4.3116036503122102e-01
    -1.4792409870821300e-02 -1.4445736034591972e+00
    -8.5664610919453651e+01 6.0449490884028542e+01
    2.8114561547807546e+02 1.5610963646646692e-01
    -4.9834819745503229e-03 -1.3824433593714589e+00
    -1.3370851024826473e+02 1.2267249024342949e+01
    2.9416353356521080e+02 -1.8437204494985822e-02
    7.6893891439349965e-02 -1.6526586251442064e+00
    -4.1923082888300755e+01 -1.4917633419139026e+01
    2.8681347341389187e+02 -8.0750857338016999e-02
    4.6163861212381724e-02 -1.6169538355035917e+00
    -9.1920695265467657e+01 7.0762321325966866e+01
    3.7153729823866382e+02 2.4578143926094190e-01 4.2139835614318760e-01
    -2.0728266280578569e+00 -4.0022612832020471e+01
    7.2846718487623960e+01 4.7650642477925561e+02
    -5.0039255091779911e-01 -6.6382948382304874e-01
    -1.5883717466321412e+00 -2.5363355929241987e+02
    1.1354032894605915e+02 5.4010146227055452e+02 3.6523236648873814e-01
    -1.4661004180589202e-01 -1.4900949644117665e+00
    -1.5222266730967306e+02 1.6322014748071570e+02
    5.2547010955309042e+02 -1.3980714867111715e-01
    -6.1457972698701711e-03 -1.4838228352200056e+00
    -5.9953317990451410e+01 9.4778013586352372e+01
    4.3793853717991584e+02 -5.2189574865130672e-01
    -6.3625708381500690e-01 -1.5060078333719764e+00
    5.1338054977796901e+01 1.1335428924730289e+02 4.9386442792128997e+02
    -4.6168753251173517e-01 3.6913953043201381e-01
    -1.9088896535122937e+00 7.5409260188816475e+01
    1.2963622838012961e+02 5.1342119054425689e+02 1.6699890742292171e-02
    -1.6634913509686426e-02 -1.6672519477912275e+00
    7.6693140691396778e+01 5.2807034011970487e+01 4.3923547367601117e+02
    -1.8630136785947954e-01 1.8826508497712574e-01
    -1.7454770711639718e+00 5.7964597169017871e+01
    -1.5610510325103485e+01 4.6773489168243304e+02
    -5.4090959756455913e-02 -4.6890464792388425e-01
    -1.3518287354476031e+00 -9.0250921386643252e+00
    -6.7989971762759254e+01 4.3630040803099922e+02
    3.3168356576317748e-01 3.0896008248596490e-01
    -1.3913858390982101e+00 -3.5727170824508889e+01
    -8.8191889221624791e+01 4.8853170956786357e+02
    2.6968130391348488e-01 2.4366925564677619e-01
    -1.2664387222257303e+00 -2.8224676809569267e+01
    -1.1054796623753849e+02 4.8535917699016630e+02
    -1.1022842288800030e-01 1.7488394173955876e-01
    -1.7550420770172050e+00 3.7015135244955562e+00
    -6.9203886905485078e+01 4.8824755762830273e+02
    -3.0683355403730999e-02 1.4413584650268618e-01
    -1.6261924122115554e+00 -1.7607616889635093e+01
    -8.6967017510525494e+01 5.0805744103801925e+02
    2.1825614977114779e-01 2.1901781190472847e-03
    -1.4167479856160672e+00 -9.9462361441984100e+01
    -7.1906824060459982e+01 5.2071205368178414e+02
    2.1565021267176912e-01 1.3269681893100302e-02
    -1.4132732900381191e+00 -1.2347247975549227e+02
    -8.6544165324797675e+01 5.2258765232821395e+02
    1.0667861897816895e-01 1.0262818362924757e-01
    -1.4616545445068749e+00 -1.2355171720073471e+02
    -8.6295105864582666e+01 5.3098128862462443e+02
    -1.4943842063270209e-02 -1.6112445392693450e-01
    -1.4886286521438326e+00 -1.9777443819676193e+02
    -7.3229664766762085e+01 5.9289489875104709e+02
    4.7833667482258424e-02 -3.1165902687682395e-01
    -1.4535254739202710e+00 -2.0921935702380921e+02
    -8.0313064630818900e+01 5.7955015319603899e+02
    4.1441179698070069e-01 -4.6728392290632892e-01
    -1.3388815441105566e+00 -2.2442641460080469e+02
    -1.0267050038220877e+02 5.6373848372264251e+02
    4.2320741491368657e-01 -5.9025120253803898e-01
    -1.4417757737636820e+00 -2.3129044630015858e+02
    -7.1867625772208569e+01 5.2480555916989806e+02
    4.8868118289814805e-01 -5.5400962362352357e-01
    -1.5713644882481945e+00 -2.2401508254832277e+02
    -5.3315351788891860e+01 5.2674170740629143e+02
    5.6655454310944020e-01 -4.2007760020942864e-01
    -1.5754027795959862e+00 -1.6552102411346286e+02
    -3.3523574620378994e+01 5.2814041015687337e+02
    3.2947117867761883e-01 -4.5640326682109483e-01
    -1.2170990135851902e+00 -1.2373084218476689e+02
    -8.3184374704490651e+01 5.4368872924113930e+02
    3.4112640814667916e-01 -3.6608336258931040e-01
    -1.4555161276086748e+00 -2.2632043357542747e+02
    -7.2036649534505003e+01 5.5989655745898744e+02
    3.4829983905099249e-01 -3.3412445212293646e-01
    -1.4758758982755451e+00 -2.5046207726400795e+02
    -7.7263289766567624e+01 5.3721825262589266e+02
    3.4411854502838651e-01 -3.2939625156870311e-01
    -1.4779079580697052e+00 -2.5365800895142084e+02
    -7.8411514560199819e+01 5.3231635074342830e+02
    3.7489742791239639e-01 -1.0342423579948382e-01
    -1.4946134577369468e+00 -2.2177840673544705e+02
    -1.0580240307787666e+02 4.6419046615613962e+02
    3.6029263764556479e-01 -9.0572279631764702e-02
    -1.5094961126844169e+00 -2.1275150710807415e+02
    -1.0480525684870609e+02 4.5107655149501244e+02
    -2.6312468414880597e-02 -4.3544258419277498e-01
    -1.6322462059062366e+00 -1.2538569340743769e+02
    -9.3242305740767236e+01 4.1043917657148017e+02
    6.3660379084543015e-02 -5.6297997053289750e-01
    -1.4970072114750232e+00 -1.1262753178797269e+02
    -6.4485032626714911e+01 4.2766735142744301e+02
    2.5086508320828349e-01 -1.1225100077425618e-01
    -1.3268300636929786e+00 -1.2525340447974571e+02
    2.1909192796710087e+01 4.4770882530677648e+02
    -6.0382845203892532e-01 4.8994208505121173e-01
    -1.7659789922120070e+00 5.1827231693092504e+00
    2.9316203343639806e+01 4.5415224924894778e+02 4.0237274047770022e-01
    -6.6197357138763402e-02 -1.1574095196024519e+00
    -1.8070635646529357e+01 9.1445815417431682e+00
    5.1041710755382559e+02 6.1153218887793782e-03 3.8768299151014561e-02
    -1.1516271322140685e+00 -1.1340776395839335e+02
    4.1734170682274643e+00 5.0653455996711347e+02 1.2665709961406660e-01
    1.7429747597150139e-01 -1.9822647923763848e+00
    -6.9901315033550162e+00 3.5501007159871136e+01
    4.6466199308460494e+02 1.4833195911204669e-01
    -2.4786793675884403e-01 -1.5406838271010410e+00
    3.2027742065942931e+01 3.1235349522785896e+01 4.4890204687600556e+02
    -5.6136071580793645e-01 2.7062832411266857e-01
    -2.0741319373254430e+00 1.2245025532342954e+01
    4.3250755701564039e+01 4.9837432134503882e+02
    -3.0538131318105871e-02 -4.8100197138801669e-02
    -1.5975888931867346e+00 -2.3191955843103545e+02
