<?xml version="1.0"?>
<opencv_storage>
<calibration_time>"jue 02 feb 2017 13:10:07 PET"</calibration_time>
<num_of_frames>25</num_of_frames>
<image_width>640</image_width>
<image_height>360</image_height>
<num_cols>6</num_cols>
<num_rows>5</num_rows>
<distance_centers>2.5500000000000000e+01</distance_centers>
<flag02>zero_tangent_dist</flag02>
<Total_RMS>2.6448817027561428e-01</Total_RMS>
<Camera_Matrix type_id="opencv-matrix">
  <rows>3</rows>
  <cols>3</cols>
  <dt>d</dt>
  <data>
    4.8714802492040400e+02 0. 3.2827502182041212e+02 0.
    4.8420739025779051e+02 1.6769919925124577e+02 0. 0. 1.</data></Camera_Matrix>
<Distortion_Coefficients type_id="opencv-matrix">
  <rows>5</rows>
  <cols>1</cols>
  <dt>d</dt>
  <data>
    1.9406796725257719e-02 -1.1275512914507853e-01 0. 0.
    8.8969854240096541e-02</data></Distortion_Coefficients>
<Extrinsic_Parameters type_id="opencv-matrix">
  <rows>25</rows>
  <cols>6</cols>
  <dt>d</dt>
  <data>
    1.0522926060510704e-02 -9.3788929893266065e-03
    1.5115985773457004e+00 8.1927952779448091e+01
    -3.5206394066017367e+01 3.9902705225115216e+02
    -5.3485311243476807e-03 3.4263997113704220e-01
    1.3881941623786498e+00 6.9183411528872796e+01
    -4.7319051243102464e+01 3.6498335785937786e+02
    1.8343837151885614e-01 -3.8323870089030806e-02
    1.6322856653570095e+00 3.3042144196650852e+01
    -6.5778403726693625e+01 3.6496266446854071e+02
    -9.2644398622023019e-02 -2.5480635573413957e-01
    1.5226400128028141e+00 1.5147031780920776e+02
    -7.7221276756051509e+01 3.8640031512914021e+02
    -3.9173166279528786e-03 6.9124528923240156e-02
    1.4982189829780954e+00 1.4211290481878814e+02
    -1.1076314716560185e+01 3.6910928388142383e+02
    -3.4239198834599860e-01 -3.0376333221592727e-01
    1.3808302771521908e+00 -9.0719987135876480e+01
    2.9314660690807554e-01 4.1642892778458474e+02 4.5498420097648602e-02
    -1.9277969367427519e-01 1.3677569324146501e+00
    -7.8601500066806324e+01 -5.7089185425252218e+01
    3.8575647331932959e+02 -9.0494748050876622e-02
    -5.2399691348688093e-01 1.8067143979614237e+00
    -8.3019761374732468e+01 -4.7878135640412751e+01
    4.2566257088680112e+02 -6.2153773545144071e-02
    1.5645975059867681e-01 1.3367182254595373e+00 5.7824657463247227e+01
    -8.3576927264805832e+01 3.8769352406667383e+02
    1.0289577228962055e-01 -9.6576778412492376e-02
    1.5669862079785537e+00 1.6720302615647429e+02
    -8.8353031392094877e+01 3.3294346968853188e+02
    1.4766224696291474e-02 -2.6642624831962897e-01
    1.5528429469514369e+00 4.6090228429569692e+01
    -1.4894124076319875e+01 3.5734658837920273e+02
    1.5178578373357655e-02 2.1131494651690724e-01 1.5847220585940756e+00
    5.7247951568836676e+01 -7.9174594852564288e+00
    3.7651082384820484e+02 3.4821376835568359e-02 5.1103910008467333e-02
    1.3432950991668848e+00 7.5338198766315969e+01
    -2.2084602086227925e+01 3.7153826678462934e+02
    4.6144421717528278e-01 -5.9573746050944432e-01
    1.4125530229165251e+00 3.9111075974347152e+01
    -6.7792889401125748e+01 3.3943598888847526e+02
    -9.3968919561015843e-02 4.2457576042639431e-02
    1.2585904924205140e+00 -4.2183846510754449e+01
    -5.7065568037731282e+01 3.8105509958362893e+02
    8.6507067346932823e-02 2.6097766641069508e-02 1.5217407112979369e+00
    -2.3223776374765468e+01 -3.1511399248867757e+01
    3.7479607960453188e+02 3.9945309172439042e-01 1.8998420653093281e-01
    1.6385169237881396e+00 7.6266108406309158e+01 2.5446506027813978e+01
    3.5895741897249189e+02 5.7469211576788037e-01 3.1023828038975659e-01
    1.6687915579081172e+00 1.6126565950922003e+02
    -8.5553106858578417e+01 3.4413612903615615e+02
    -2.5948728447679997e-01 -6.0522577078894213e-01
    1.3593214259081212e+00 -1.3945900226129783e+01
    -8.8224639952083578e+01 3.8144899998409744e+02
    8.7750400188547684e-02 -6.6233759206868625e-01
    1.3855065716014252e+00 -8.3268216853268431e+00
    -1.4452175800629709e+01 3.2541322756929907e+02
    1.2109216698000572e-01 5.4679889217062972e-03 1.6762468126812906e+00
    -4.8816616570819114e+01 3.9579043366298299e+00
    3.3317798583183924e+02 1.4663917401616708e-01 2.0142740674938370e-01
    1.6710659306848992e+00 -6.7702852982598671e+01
    -5.4370881433918960e+01 3.4055291830906293e+02
    -9.7918384890808494e-02 -6.9419931109427702e-01
    1.5451945055457224e+00 6.5667648351850701e+01
    -8.2593074424582539e+01 3.8114006863928665e+02
    -1.0099283671313446e-01 -5.6871303222841529e-01
    1.4294182052045257e+00 1.1575866044726142e+02
    -9.2177716400400513e+01 3.5543760247442219e+02
    2.1975303573842378e-01 1.4233436513093178e-01 1.6117498443200773e+00
    1.6728676949886031e+02 -8.2657037691904648e+01
    3.4462714179160304e+02</data></Extrinsic_Parameters>
