<?xml version="1.0"?>
<opencv_storage>
<calibration_time>"jue 02 feb 2017 20:22:33 PET"</calibration_time>
<num_of_frames>25</num_of_frames>
<image_width>1280</image_width>
<image_height>720</image_height>
<num_cols>11</num_cols>
<num_rows>4</num_rows>
<distance_centers>1.2399999618530273e+01</distance_centers>
<flag02>zero_tangent_dist</flag02>
<Total_RMS>3.1312843731149048e-01</Total_RMS>
<Camera_Matrix type_id="opencv-matrix">
  <rows>3</rows>
  <cols>3</cols>
  <dt>d</dt>
  <data>
    9.8482529537055154e+02 0. 6.5223705978539317e+02 0.
    9.9049460502275429e+02 3.4444553882802904e+02 0. 0. 1.</data></Camera_Matrix>
<Distortion_Coefficients type_id="opencv-matrix">
  <rows>5</rows>
  <cols>1</cols>
  <dt>d</dt>
  <data>
    1.9065142333183547e-02 -1.4709846994296866e-02 0. 0.
    -5.2844355554807938e-02</data></Distortion_Coefficients>
<Extrinsic_Parameters type_id="opencv-matrix">
  <rows>25</rows>
  <cols>6</cols>
  <dt>d</dt>
  <data>
    -1.1614009958827438e-01 1.1403977994714307e-01
    -1.5846878673315674e+00 -4.4764697816719860e+01
    5.6779395657401672e+01 4.6183008687610004e+02
    -1.4238726640706401e-01 4.8331334861513503e-01
    -1.4684968638934539e+00 -7.2593858722673374e+01
    -5.0952093614285978e+01 4.7841119275298877e+02
    -1.4166968550506359e-01 5.0696402872925550e-01
    -1.4617227832387369e+00 -6.9877051406418872e+01
    -4.7147778552584597e+01 4.7383054445844363e+02
    -1.1933790622188707e-01 5.1743708637894636e-01
    -1.4463651495705878e+00 -6.4740967636227055e+01
    -3.0915391988779163e+01 4.7532438188686859e+02
    -4.7504432421951889e-02 4.1868090721779022e-01
    -1.4768700646020061e+00 -3.8960187125238136e+01
    1.2473830029599583e+02 4.7145332493215398e+02 2.2913259360991098e-01
    -1.3382404928693718e-02 -1.5012754834555069e+00
    2.8723408469302125e+01 1.1865405632147656e+02 4.8671828676966163e+02
    3.0594992479089522e-01 -1.1000726686093999e-01
    -1.4905350396726713e+00 5.1228070424926919e+01
    1.1832026396063935e+02 4.8327757478410211e+02 3.2423861801378850e-01
    -1.3682365564332960e-01 -1.5032425663293953e+00
    1.0984427966052017e+02 1.2337348064620761e+02 4.7208142183086017e+02
    3.3318876051969742e-01 -1.4525435849667537e-01
    -1.4920498237455035e+00 1.4204100384573670e+02
    1.2500952611172362e+02 4.7082383738061338e+02 3.3376608160355986e-01
    -1.2613377536115375e-01 -1.4960665247552964e+00
    1.4668645729620013e+02 1.1677425522035141e+02 4.7275944330833033e+02
    2.9686750118075700e-01 4.1853253486724579e-01
    -1.5339993093915274e+00 1.3333875960032881e+02
    -1.3982266682407781e+01 4.9225612443840777e+02
    1.2999659875188838e-02 6.3704604653920671e-01
    -1.5489149985572193e+00 1.1322123268211897e+02
    -4.6884467450553025e+01 4.8991540010550574e+02
    -2.7010022497650249e-02 6.8044995394199181e-01
    -1.5471680785644022e+00 9.4330635477136809e+01
    -4.9269883684120622e+01 4.8294290101427578e+02
    1.5327687896553577e-01 7.7576503824971776e-02
    -1.6296366222144116e+00 -1.6592230705516786e+02
    -6.3962488003956901e+00 3.9310903051545938e+02
    3.0185714044895767e-01 -1.6795097572624501e-01
    -1.6777080355938609e+00 -1.9841790742339677e+02
    4.6936445477931965e+00 3.6626598420747763e+02 3.4371441850045675e-01
    -2.0221564012108298e-01 -1.6898486698055748e+00
    -2.0436879624636839e+02 1.1494312792756254e+01
    3.5880194935534837e+02 4.0670660984546608e-01
    -2.6888559496671821e-01 -1.6780493553531242e+00
    -1.9648922843657616e+02 1.9953669511720072e+01
    3.5418351573738289e+02 5.2748821415396230e-01
    -2.6948419896507558e-01 -1.5788734081869755e+00
    -1.9236232123111265e+02 1.0519708984621613e+02
    3.3750874634492862e+02 4.8839144968619497e-01
    -3.0617958283036811e-01 -1.5913282079200626e+00
    -1.9250875782363562e+02 7.3997891234911563e+01
    3.4105672402852292e+02 4.5038568684628688e-01
    -3.2691313845217435e-01 -1.5670290611209696e+00
    -2.0115840367547727e+02 4.2953575393521028e+01
    3.3716781591285297e+02 -4.0895956284143907e-02
    3.3718356798860732e-01 -1.5747728506441028e+00
    -4.8636763074140388e-02 8.0043655784550992e+01
    3.6725149586438607e+02 -2.9950043266542037e-01
    6.4098836513031132e-01 -1.4445611473501534e+00
    8.2070347773879021e+01 1.5147093909868371e+01 4.1905964987165135e+02
    -2.1988362843512685e-01 6.4207905629088491e-01
    -1.4676690321078234e+00 3.2541178688766834e+01
    -2.2918883281603364e+01 4.0168137100959615e+02
    3.1498204915587642e-02 5.1965864277212348e-01
    -1.5538014303531200e+00 -1.7283340044316720e+01
    1.2410495180158206e+01 3.7170027221804088e+02 3.9245689626885971e-01
    3.3828661216425476e-01 -1.6197538572356207e+00
    -8.6695516682185570e+01 8.1041632734999411e+01
    3.8419199010758422e+02</data></Extrinsic_Parameters>
