<?xml version="1.0"?>
<opencv_storage>
<calibration_time>"jue 02 feb 2017 04:33:14 PET"</calibration_time>
<num_of_frames>25</num_of_frames>
<image_width>640</image_width>
<image_height>480</image_height>
<num_cols>6</num_cols>
<num_rows>5</num_rows>
<distance_centers>2.5500000000000000e+01</distance_centers>
<flag02>zero_tangent_dist</flag02>
<Total_RMS>2.5179642206116148e-01</Total_RMS>
<Camera_Matrix type_id="opencv-matrix">
  <rows>3</rows>
  <cols>3</cols>
  <dt>d</dt>
  <data>
    6.7617961622281405e+02 0. 3.0169855439277200e+02 0.
    6.7416827112056228e+02 2.7586740612009606e+02 0. 0. 1.</data></Camera_Matrix>
<Distortion_Coefficients type_id="opencv-matrix">
  <rows>5</rows>
  <cols>1</cols>
  <dt>d</dt>
  <data>
    -4.0828064841933581e-01 3.9340925606250865e-01 0. 0.
    -6.0736786839876700e-01</data></Distortion_Coefficients>
<Extrinsic_Parameters type_id="opencv-matrix">
  <rows>25</rows>
  <cols>6</cols>
  <dt>d</dt>
  <data>
    7.0577246969545093e-02 1.0606528724742487e-01 1.5518886715802029e+00
    6.2886100309366128e+01 -6.7891028304523545e+01
    2.2832809774666254e+02 -1.5582794630848396e-01
    -2.0046788792136855e-01 1.7554849050457679e+00
    5.2551952947265079e+01 -5.7492004746896434e+01
    3.4482845239079830e+02 -1.4966070769459466e-01
    3.3947396218454211e-02 2.0904070463496871e+00 6.8777865629658478e+01
    -2.2021563491674943e+01 3.5877577954307600e+02
    1.1707458669786391e-01 -7.6380976528671969e-03
    1.5922856311975457e+00 4.4974793676073112e+01
    -4.6841665298288660e+01 3.3876836074398028e+02
    1.6673044889895308e-01 8.8971623725343285e-02 1.5844297551106159e+00
    1.0768417414868911e+02 -1.1076131177589944e+02
    3.4082199426165568e+02 -3.1366765772552541e-01
    -2.3158603183997986e-01 1.5061412857809993e+00
    -5.1425763342484473e+01 -2.8691186880139707e+01
    4.7499924311878397e+02 -1.2629904855250221e-01
    1.5636057001953996e-01 1.4683202990074884e+00 1.2384834427208614e+02
    -1.3363848605902493e+02 3.8431215815809583e+02
    8.8683565454548127e-02 -1.5584484849328986e-01
    1.6368755409606424e+00 -4.5634761303807295e+01
    -1.7658838290330696e+01 4.6571760746183338e+02
    -3.0865054653908786e-01 -1.6713481077250589e-01
    1.6030130596944130e+00 3.5774448289598034e+01
    -6.3977927294650648e+01 5.4294022472046424e+02
    -3.6819975955174322e-01 2.0610651213547954e-01
    1.7009058867923437e+00 -1.9525110210280378e+01
    -9.8352694162320702e+01 6.0521073696794087e+02
    4.2797659227799073e-01 3.3089339244898358e-01 1.3114067895516286e+00
    1.1341256860519003e+02 -6.3832919619550744e+01
    4.8352864775979799e+02 -1.3331179720617548e-01
    1.9476295013278713e-02 1.5368732639525320e+00
    -2.3303688047503350e+01 3.7749388131466937e+00
    5.9304310359818044e+02 1.8465509606849670e-01
    -1.8946357706749123e-01 1.8038593987965976e+00
    9.7454584696998140e+01 -8.3652272248789316e+01
    5.0835242967996078e+02 -3.8914524579797766e-01
    -4.8368919065990806e-02 1.3747087319350557e+00
    1.9923787552308372e+01 4.2510469979292820e+00 7.3310348914022222e+02
    2.7013462885833822e-01 -5.4580932362705781e-01
    1.7552975842202063e+00 -3.7046361403922930e+01
    -1.2603405440295144e+02 5.8408879084696002e+02
    -6.0091321998725944e-01 -2.4421863276393760e-01
    1.8072798367234570e+00 3.2751245637030422e+01
    -2.2302314028972412e+00 6.6158697124152070e+02
    -2.7836963316800056e-01 -4.2697550150450569e-01
    1.6205936113537049e+00 1.6034051370944817e+02
    -1.0957267859607718e+00 6.0025934686094547e+02
    3.2792489688616128e-01 6.3070591940018100e-02 1.2111209516884514e+00
    1.2327483007422175e+00 -1.2974809439726059e+02
    5.4638237641601529e+02 5.4746567677523683e-01 8.9633611234928010e-02
    1.6055597815257798e+00 1.7830865259831020e+02 5.5934370490114880e+00
    7.2554257012537857e+02 -1.0542832855294902e-01
    1.4500946678979360e-01 1.4815486584270066e+00
    -9.8098668922717653e+00 -1.3115795054854823e+02
    7.7515462069946693e+02 1.7700640767712302e-03
    -5.4364634349884189e-01 1.6987453627168301e+00
    8.4038941118915133e+01 6.0707070180475299e+01 7.2408893024362942e+02
    7.4706735154101311e-01 1.3273567871851105e-01 1.2391065002038024e+00
    1.9086024535325410e+02 -1.7970950651360093e+02
    6.1703472328439943e+02 1.3318887898473153e-01
    -6.1825558892151133e-02 1.6005891582768637e+00
    4.2597126676536107e+01 -5.4603339080089725e+01
    4.5451961082019511e+02 2.5291160271494545e-01
    -2.0581465989668257e-01 1.6257486639060275e+00
    3.0485248448942276e+01 -6.3838629284374271e+01
    3.9084717853237908e+02 -3.2650545166033318e-01
    3.7363200957464177e-01 1.2530367197902272e+00 9.3883810219133750e+01
    -6.6695491972745273e+01 3.4715903869237093e+02</data></Extrinsic_Parameters>
