<?xml version="1.0"?>
<opencv_storage>
<calibration_time>"mar 11 abr 2017 04:55:38 PET"</calibration_time>
<num_of_frames>25</num_of_frames>
<image_width>640</image_width>
<image_height>480</image_height>
<num_cols>4</num_cols>
<num_rows>3</num_rows>
<distance_centers>6.7500000000000000e+01</distance_centers>
<flag02>zero_tangent_dist</flag02>
<Total_RMS>3.6318522611816184e-01</Total_RMS>
<Camera_Matrix type_id="opencv-matrix">
  <rows>3</rows>
  <cols>3</cols>
  <dt>d</dt>
  <data>
    4.4677865080505438e+02 0. 3.2940930169161061e+02 0.
    4.4926399462283234e+02 1.7810766551631770e+02 0. 0. 1.</data></Camera_Matrix>
<Distortion_Coefficients type_id="opencv-matrix">
  <rows>5</rows>
  <cols>1</cols>
  <dt>d</dt>
  <data>
    1.4951596806594594e-01 -1.0168796280631167e+00 0. 0.
    1.3417058661282852e+00</data></Distortion_Coefficients>
<Extrinsic_Parameters type_id="opencv-matrix">
  <rows>20</rows>
  <cols>6</cols>
  <dt>d</dt>
  <data>
    3.1307048301621374e+00 5.1406595548270623e-02
    -5.4419915961649050e-03 -1.3592877278503278e+02
    3.2782830962404553e+01 5.2213578468672335e+02
    -3.0954512662824043e+00 -4.2986094095488134e-02
    2.8185280550460445e-02 -2.9134712892487107e+02
    1.0191495098162749e+01 5.1859078727720748e+02
    -3.0706579691821081e+00 1.9729148811165912e-03
    -6.1477750023674033e-02 -1.7295088144453575e+02
    4.0139721762161543e+01 5.0030564831990716e+02
    -3.0972971228847643e+00 8.6697207212746943e-02
    -2.4844204046929161e-01 8.4593622815229779e+01
    5.4936122523276254e+01 4.8480048703169945e+02
    -3.0714351788499776e+00 1.2774788108035862e-02
    -3.8671899554135986e-01 8.9168446160886845e+01
    5.5442982666029074e+01 4.9042950464886877e+02
    -3.0369573707161135e+00 1.1929821868486373e-01
    -5.1371930551764955e-01 6.0960179815064407e+01
    2.0090875825484002e+01 4.8126950526991726e+02
    -3.0865631845247390e+00 -4.8256851958760956e-02
    -1.1969241551945176e-01 8.4024268997496776e+01
    4.5846694909849326e+01 4.9849152104046345e+02
    -3.0959130984284733e+00 4.8089640538869867e-03
    -1.9715120693095459e-01 8.5166506843329230e+01
    1.0031910077518012e+02 4.6270718281185941e+02
    -3.0777588523438664e+00 -1.8152944553475547e-02
    -2.2868597085335632e-01 8.4151006758404151e+01
    1.3495307606679302e+02 4.6347662907624499e+02
    -3.0455559494543478e+00 -1.2166362072539015e-02
    -9.5365291304004257e-02 -2.4559589525453637e+02
    1.1461804417419559e+02 4.4110719058065592e+02
    -3.0718866383440147e+00 -2.9907385639125521e-02
    -9.8799608690032376e-02 -2.4035199488718280e+02
    5.9249499227611842e+01 4.1280872330256494e+02
    -3.0585745458992886e+00 -2.1273239581584807e-02
    -5.4374290600814015e-02 -2.5679647882935677e+02
    1.1356377626754805e+02 4.1665793808581446e+02
    -3.1402523486518641e+00 -8.7041928669084087e-04
    -1.4082775187537852e-01 -1.0313645790886970e+02
    1.8842421376795730e+01 4.8718816301738241e+02
    -3.1189346791108261e+00 4.3318755550334979e-02
    -1.6469303244724509e-01 -6.3744513547972169e+01
    9.7034247787680727e+01 4.7861515921926059e+02 2.8693500836064278e+00
    2.5372799876601948e-01 -1.0488226166477572e+00
    -3.6411584658623639e+01 6.3256911876707477e+01
    5.6280404378642936e+02 3.1018058522695053e+00
    -4.8745002003917147e-02 7.1257736464000673e-02
    -1.5059054834202928e+02 9.5629906286024763e+01
    3.9396685007314500e+02 3.0560008771610407e+00
    -1.9593839435240012e-01 6.0324078953554139e-01
    -1.4316314548011277e+02 8.2542154823139199e+01
    3.3724005038288402e+02 3.0278518362786575e+00
    -2.3982420955865241e-01 -3.0174418359609206e-01
    -1.2387721552162023e+02 8.6339284832795684e+01
    4.2209845824936593e+02 -2.6270225699921608e+00
    -1.1713865318522726e-01 6.0584297524449271e-01
    -9.2598365051283608e+01 3.5868119417870254e+01
    4.5838651240157816e+02 2.9972242800802582e+00 3.6068669567796829e-01
    -3.4265545075169335e-01 -1.2588818834224011e+02
    -1.1799645182676954e+01 4.5162511021462393e+02</data></Extrinsic_Parameters>
